{
    "camera_model": "OPENCV",
    "width": 1408,
    "height": 376,
    "w": 1408,
    "h": 376,
    "frames": [
        {
            "rgb_path": "./images/00.png",
            "camtoworld": [
                [
                    1.0,
                    0.0,
                    0.0,
                    0.0
                ],
                [
                    0.0,
                    1.0,
                    0.0,
                    0.0
                ],
                [
                    0.0,
                    0.0,
                    1.0,
                    0.0
                ],
                [
                    0.0,
                    0.0,
                    0.0,
                    1.0
                ]
            ],
            "intrinsics": [
                [
                    552.554261,
                    0.0,
                    704.0,
                    0.0
                ],
                [
                    0.0,
                    552.554261,
                    188.0,
                    0.0
                ],
                [
                    0.0,
                    0.0,
                    1.0,
                    0.0
                ],
                [
                    0.0,
                    0.0,
                    0.0,
                    1.0
                ]
            ]
        },
        {
            "rgb_path": "./images/01.png",
            "camtoworld": [
                [
                    0.9999992709282756,
                    7.180181365024662e-07,
                    2.623164230259457e-07,
                    0.08321634278264735
                ],
                [
                    -2.7282214807082973e-07,
                    0.9999994148356179,
                    2.5916558770666094e-07,
                    -9.87232594249407e-07
                ],
                [
                    -3.035195188620116e-07,
                    7.287734290910022e-07,
                    1.0000008071683575,
                    5.37379031061033e-05
                ],
                [
                    0.0,
                    0.0,
                    0.0,
                    1.0
                ]
            ],
            "intrinsics": [
                [
                    552.554261,
                    0.0,
                    704.0,
                    0.0
                ],
                [
                    0.0,
                    552.554261,
                    188.0,
                    0.0
                ],
                [
                    0.0,
                    0.0,
                    1.0,
                    0.0
                ],
                [
                    0.0,
                    0.0,
                    0.0,
                    1.0
                ]
            ]
        },
        {
            "rgb_path": "./images/02.png",
            "camtoworld": [
                [
                    0.9999781470700123,
                    -0.0022354042980520677,
                    0.006175035238754225,
                    0.006020375238798523
                ],
                [
                    0.0022202518224892793,
                    0.9999946467033078,
                    0.0023985372349514793,
                    -0.010973410856837444
                ],
                [
                    -0.006180204522298932,
                    -0.002384917676661428,
                    0.9999786297057138,
                    0.10861115603967675
                ],
                [
                    0.0,
                    0.0,
                    0.0,
                    1.0
                ]
            ],
            "intrinsics": [
                [
                    552.554261,
                    0.0,
                    704.0,
                    0.0
                ],
                [
                    0.0,
                    552.554261,
                    188.0,
                    0.0
                ],
                [
                    0.0,
                    0.0,
                    1.0,
                    0.0
                ],
                [
                    0.0,
                    0.0,
                    0.0,
                    1.0
                ]
            ]
        },
        {
            "rgb_path": "./images/03.png",
            "camtoworld": [
                [
                    0.9999777035220626,
                    -0.0022346875070396698,
                    0.0061755233555770336,
                    0.08923268039638554
                ],
                [
                    0.0022203592880101976,
                    0.999994073544212,
                    0.0023989037676535973,
                    -0.010794015074678158
                ],
                [
                    -0.006180903318850493,
                    -0.0023841542515438507,
                    0.9999788637310901,
                    0.10809763568718242
                ],
                [
                    0.0,
                    0.0,
                    0.0,
                    1.0
                ]
            ],
            "intrinsics": [
                [
                    552.554261,
                    0.0,
                    704.0,
                    0.0
                ],
                [
                    0.0,
                    552.554261,
                    188.0,
                    0.0
                ],
                [
                    0.0,
                    0.0,
                    1.0,
                    0.0
                ],
                [
                    0.0,
                    0.0,
                    0.0,
                    1.0
                ]
            ]
        },
        {
            "rgb_path": "./images/04.png",
            "camtoworld": [
                [
                    0.9998966260471547,
                    -0.006389133080154295,
                    0.012834408835303152,
                    0.01324557013562382
                ],
                [
                    0.006352492800448865,
                    0.9999757092660234,
                    0.0028709356978205624,
                    -0.021910666923650426
                ],
                [
                    -0.012851716992759488,
                    -0.0027891243063463303,
                    0.9999139386013763,
                    0.2176174207131066
                ],
                [
                    0.0,
                    0.0,
                    0.0,
                    1.0
                ]
            ],
            "intrinsics": [
                [
                    552.554261,
                    0.0,
                    704.0,
                    0.0
                ],
                [
                    0.0,
                    552.554261,
                    188.0,
                    0.0
                ],
                [
                    0.0,
                    0.0,
                    1.0,
                    0.0
                ],
                [
                    0.0,
                    0.0,
                    0.0,
                    1.0
                ]
            ]
        },
        {
            "rgb_path": "./images/05.png",
            "camtoworld": [
                [
                    0.9998964923222267,
                    -0.006388403866694858,
                    0.012834625877478115,
                    0.0963892940739275
                ],
                [
                    0.006352509307918928,
                    0.9999751167705447,
                    0.00287121120397189,
                    -0.021391844794333138
                ],
                [
                    -0.012852719345407462,
                    -0.0027883992601245716,
                    0.9999143219043064,
                    0.21658812169587185
                ],
                [
                    0.0,
                    0.0,
                    0.0,
                    1.0
                ]
            ],
            "intrinsics": [
                [
                    552.554261,
                    0.0,
                    704.0,
                    0.0
                ],
                [
                    0.0,
                    552.554261,
                    188.0,
                    0.0
                ],
                [
                    0.0,
                    0.0,
                    1.0,
                    0.0
                ],
                [
                    0.0,
                    0.0,
                    0.0,
                    1.0
                ]
            ]
        },
        {
            "rgb_path": "./images/06.png",
            "camtoworld": [
                [
                    0.9997550194896808,
                    -0.010903067532088976,
                    0.019247625066319805,
                    0.021733714329580472
                ],
                [
                    0.010902741077572713,
                    0.9999405018664899,
                    0.00013098998101912325,
                    -0.03282327456060761
                ],
                [
                    -0.01924687508418286,
                    7.856596462539865e-05,
                    0.9998152801640129,
                    0.32674178646223817
                ],
                [
                    0.0,
                    0.0,
                    0.0,
                    1.0
                ]
            ],
            "intrinsics": [
                [
                    552.554261,
                    0.0,
                    704.0,
                    0.0
                ],
                [
                    0.0,
                    552.554261,
                    188.0,
                    0.0
                ],
                [
                    0.0,
                    0.0,
                    1.0,
                    0.0
                ],
                [
                    0.0,
                    0.0,
                    0.0,
                    1.0
                ]
            ]
        },
        {
            "rgb_path": "./images/07.png",
            "camtoworld": [
                [
                    0.9997545707611332,
                    -0.010902326466904134,
                    0.019247558530103986,
                    0.10488774395400645
                ],
                [
                    0.010902281726027759,
                    0.9999399748605768,
                    0.00013159218605123996,
                    -0.03191986545397817
                ],
                [
                    -0.01924792194593583,
                    7.926756651912881e-05,
                    0.9998155508506366,
                    0.3251137052786706
                ],
                [
                    0.0,
                    0.0,
                    0.0,
                    1.0
                ]
            ],
            "intrinsics": [
                [
                    552.554261,
                    0.0,
                    704.0,
                    0.0
                ],
                [
                    0.0,
                    552.554261,
                    188.0,
                    0.0
                ],
                [
                    0.0,
                    0.0,
                    1.0,
                    0.0
                ],
                [
                    0.0,
                    0.0,
                    0.0,
                    1.0
                ]
            ]
        },
        {
            "rgb_path": "./images/08.png",
            "camtoworld": [
                [
                    0.999574789975154,
                    -0.013830459410094871,
                    0.025633045106520196,
                    0.030335846501524235
                ],
                [
                    0.013908139846921042,
                    0.9998992639252279,
                    -0.0028399586162365076,
                    -0.043971439362132006
                ],
                [
                    -0.02559021623576215,
                    0.003195417100590895,
                    0.999667846382592,
                    0.4367264125531142
                ],
                [
                    0.0,
                    0.0,
                    0.0,
                    1.0
                ]
            ],
            "intrinsics": [
                [
                    552.554261,
                    0.0,
                    704.0,
                    0.0
                ],
                [
                    0.0,
                    552.554261,
                    188.0,
                    0.0
                ],
                [
                    0.0,
                    0.0,
                    1.0,
                    0.0
                ],
                [
                    0.0,
                    0.0,
                    0.0,
                    1.0
                ]
            ]
        },
        {
            "rgb_path": "./images/09.png",
            "camtoworld": [
                [
                    0.9995750230394655,
                    -0.013829707027440715,
                    0.025632785329968436,
                    0.11359492671706452
                ],
                [
                    0.01390748230989114,
                    0.9998986676039758,
                    -0.002839820301220244,
                    -0.042808220935903564
                ],
                [
                    -0.02559101257634531,
                    0.003196089260845937,
                    0.9996682027651577,
                    0.4345574040831735
                ],
                [
                    0.0,
                    0.0,
                    0.0,
                    1.0
                ]
            ],
            "intrinsics": [
                [
                    552.554261,
                    0.0,
                    704.0,
                    0.0
                ],
                [
                    0.0,
                    552.554261,
                    188.0,
                    0.0
                ],
                [
                    0.0,
                    0.0,
                    1.0,
                    0.0
                ],
                [
                    0.0,
                    0.0,
                    0.0,
                    1.0
                ]
            ]
        },
        {
            "rgb_path": "./images/10.png",
            "camtoworld": [
                [
                    0.9993568121439788,
                    -0.015142815010853121,
                    0.032490942290096914,
                    0.03914372928585633
                ],
                [
                    0.015311221901971213,
                    0.9998705374753233,
                    -0.004937398791312742,
                    -0.05559004457327821
                ],
                [
                    -0.03241162552687132,
                    0.005431718884705684,
                    0.9994606060729568,
                    0.5478517490334391
                ],
                [
                    0.0,
                    0.0,
                    0.0,
                    1.0
                ]
            ],
            "intrinsics": [
                [
                    552.554261,
                    0.0,
                    704.0,
                    0.0
                ],
                [
                    0.0,
                    552.554261,
                    188.0,
                    0.0
                ],
                [
                    0.0,
                    0.0,
                    1.0,
                    0.0
                ],
                [
                    0.0,
                    0.0,
                    0.0,
                    1.0
                ]
            ]
        },
        {
            "rgb_path": "./images/11.png",
            "camtoworld": [
                [
                    0.9993565731225673,
                    -0.01514206347889506,
                    0.032491246085040455,
                    0.12226532265126035
                ],
                [
                    0.015310839424465142,
                    0.9998700062139093,
                    -0.004937145852150341,
                    -0.054327872819878734
                ],
                [
                    -0.03241237880976324,
                    0.0054324282826120505,
                    0.9994606358071616,
                    0.5451835918231283
                ],
                [
                    0.0,
                    0.0,
                    0.0,
                    1.0
                ]
            ],
            "intrinsics": [
                [
                    552.554261,
                    0.0,
                    704.0,
                    0.0
                ],
                [
                    0.0,
                    552.554261,
                    188.0,
                    0.0
                ],
                [
                    0.0,
                    0.0,
                    1.0,
                    0.0
                ],
                [
                    0.0,
                    0.0,
                    0.0,
                    1.0
                ]
            ]
        },
        {
            "rgb_path": "./images/12.png",
            "camtoworld": [
                [
                    0.9991514983414487,
                    -0.016918311150851784,
                    0.03753250341652066,
                    0.04888522314620174
                ],
                [
                    0.017076391520284947,
                    0.9998465399388923,
                    -0.0038930420562163304,
                    -0.06693281074666939
                ],
                [
                    -0.037460047655623815,
                    0.004530059675637324,
                    0.9992885218566318,
                    0.6606375882390467
                ],
                [
                    0.0,
                    0.0,
                    0.0,
                    1.0
                ]
            ],
            "intrinsics": [
                [
                    552.554261,
                    0.0,
                    704.0,
                    0.0
                ],
                [
                    0.0,
                    552.554261,
                    188.0,
                    0.0
                ],
                [
                    0.0,
                    0.0,
                    1.0,
                    0.0
                ],
                [
                    0.0,
                    0.0,
                    0.0,
                    1.0
                ]
            ]
        },
        {
            "rgb_path": "./images/13.png",
            "camtoworld": [
                [
                    0.9991514559918486,
                    -0.016917551810537307,
                    0.03753244871306726,
                    0.13199475321061402
                ],
                [
                    0.01707600117542259,
                    0.9998460326987796,
                    -0.00389213839924826,
                    -0.06551094070246169
                ],
                [
                    -0.03746095131269422,
                    0.004530728875376597,
                    0.9992886408599654,
                    0.657514870152921
                ],
                [
                    0.0,
                    0.0,
                    0.0,
                    1.0
                ]
            ],
            "intrinsics": [
                [
                    552.554261,
                    0.0,
                    704.0,
                    0.0
                ],
                [
                    0.0,
                    552.554261,
                    188.0,
                    0.0
                ],
                [
                    0.0,
                    0.0,
                    1.0,
                    0.0
                ],
                [
                    0.0,
                    0.0,
                    0.0,
                    1.0
                ]
            ]
        },
        {
            "rgb_path": "./images/14.png",
            "camtoworld": [
                [
                    0.9990275014683476,
                    -0.019314041014806976,
                    0.03962532114074134,
                    0.05847675855028169
                ],
                [
                    0.019329474624820743,
                    0.999813181623681,
                    -8.78567452551911e-06,
                    -0.07815633793998535
                ],
                [
                    -0.03961795516363746,
                    0.000774230268266628,
                    0.9992153293529348,
                    0.7741250271191715
                ],
                [
                    0.0,
                    0.0,
                    0.0,
                    1.0
                ]
            ],
            "intrinsics": [
                [
                    552.554261,
                    0.0,
                    704.0,
                    0.0
                ],
                [
                    0.0,
                    552.554261,
                    188.0,
                    0.0
                ],
                [
                    0.0,
                    0.0,
                    1.0,
                    0.0
                ],
                [
                    0.0,
                    0.0,
                    0.0,
                    1.0
                ]
            ]
        },
        {
            "rgb_path": "./images/15.png",
            "camtoworld": [
                [
                    0.9990271887067662,
                    -0.019313290339938973,
                    0.03962564662495012,
                    0.1416944864645788
                ],
                [
                    0.019329278448548537,
                    0.999812587437874,
                    -8.034977021091118e-06,
                    -0.07654198661336886
                ],
                [
                    -0.039618196202449496,
                    0.0007749458652086326,
                    0.9992154092477429,
                    0.770795350092939
                ],
                [
                    0.0,
                    0.0,
                    0.0,
                    1.0
                ]
            ],
            "intrinsics": [
                [
                    552.554261,
                    0.0,
                    704.0,
                    0.0
                ],
                [
                    0.0,
                    552.554261,
                    188.0,
                    0.0
                ],
                [
                    0.0,
                    0.0,
                    1.0,
                    0.0
                ],
                [
                    0.0,
                    0.0,
                    0.0,
                    1.0
                ]
            ]
        },
        {
            "rgb_path": "./images/16.png",
            "camtoworld": [
                [
                    0.9989595377856685,
                    -0.022315734994562398,
                    0.03977135795070118,
                    0.0680566309186427
                ],
                [
                    0.022199843360061082,
                    0.9997478796351749,
                    0.0033479195710884473,
                    -0.08984227649412128
                ],
                [
                    -0.03983629482030815,
                    -0.0024612558666753997,
                    0.9992036818735964,
                    0.8884217843887997
                ],
                [
                    0.0,
                    0.0,
                    0.0,
                    1.0
                ]
            ],
            "intrinsics": [
                [
                    552.554261,
                    0.0,
                    704.0,
                    0.0
                ],
                [
                    0.0,
                    552.554261,
                    188.0,
                    0.0
                ],
                [
                    0.0,
                    0.0,
                    1.0,
                    0.0
                ],
                [
                    0.0,
                    0.0,
                    0.0,
                    1.0
                ]
            ]
        },
        {
            "rgb_path": "./images/17.png",
            "camtoworld": [
                [
                    0.9989588430307434,
                    -0.022314967664959977,
                    0.03977172937916835,
                    0.1512360710295363
                ],
                [
                    0.022199776844847592,
                    0.9997473655612973,
                    0.003347984313344532,
                    -0.08798337556940589
                ],
                [
                    -0.03983652205968198,
                    -0.0024605964022541334,
                    0.9992039984635863,
                    0.8850653131698046
                ],
                [
                    0.0,
                    0.0,
                    0.0,
                    1.0
                ]
            ],
            "intrinsics": [
                [
                    552.554261,
                    0.0,
                    704.0,
                    0.0
                ],
                [
                    0.0,
                    552.554261,
                    188.0,
                    0.0
                ],
                [
                    0.0,
                    0.0,
                    1.0,
                    0.0
                ],
                [
                    0.0,
                    0.0,
                    0.0,
                    1.0
                ]
            ]
        },
        {
            "rgb_path": "./images/18.png",
            "camtoworld": [
                [
                    0.9989148609233375,
                    -0.026032952177131738,
                    0.038596597637068894,
                    0.07781237499656825
                ],
                [
                    0.025840629804252772,
                    0.9996510153710584,
                    0.005477911335866188,
                    -0.10128690954860808
                ],
                [
                    -0.0387250237297427,
                    -0.004475119134248601,
                    0.9992398355055848,
                    1.0032128856901823
                ],
                [
                    0.0,
                    0.0,
                    0.0,
                    1.0
                ]
            ],
            "intrinsics": [
                [
                    552.554261,
                    0.0,
                    704.0,
                    0.0
                ],
                [
                    0.0,
                    552.554261,
                    188.0,
                    0.0
                ],
                [
                    0.0,
                    0.0,
                    1.0,
                    0.0
                ],
                [
                    0.0,
                    0.0,
                    0.0,
                    1.0
                ]
            ]
        },
        {
            "rgb_path": "./images/19.png",
            "camtoworld": [
                [
                    0.998914974992162,
                    -0.026032184407998343,
                    0.038596849016600716,
                    0.16101491394963344
                ],
                [
                    0.02584015363806577,
                    0.9996504920805855,
                    0.005478720191317528,
                    -0.09912761965970839
                ],
                [
                    -0.038726107481819615,
                    -0.0044744519825201355,
                    0.9992406612520274,
                    1.0
                ],
                [
                    0.0,
                    0.0,
                    0.0,
                    1.0
                ]
            ],
            "intrinsics": [
                [
                    552.554261,
                    0.0,
                    704.0,
                    0.0
                ],
                [
                    0.0,
                    552.554261,
                    188.0,
                    0.0
                ],
                [
                    0.0,
                    0.0,
                    1.0,
                    0.0
                ],
                [
                    0.0,
                    0.0,
                    0.0,
                    1.0
                ]
            ]
        }
    ],
    "scene_box": {
        "aabb": [
            [
                -5.0,
                -5.0,
                -5.0
            ],
            [
                5.0,
                5.0,
                5.0
            ]
        ],
        "near": 0.0,
        "far": 6.0,
        "radius": 1.0,
        "collider_type": "near_far"
    }
}